
quality =

   15.7163

Image: 100_img_.png

quality =

   11.3877

Image: 10139.png

quality =

   16.8837

Image: 10151.png

quality =

   11.2673

Image: 101_img_.png

quality =

   16.4827

Image: 102_img_.png

quality =

   14.4606

Image: 104_img_.png

quality =

   45.4178

Image: 105_img_.png

quality =

   28.6610

Image: 106_img_.png

quality =

   16.0878

Image: 107_img_.png

quality =

   11.0960

Image: 108_img_.png

quality =

   12.2815

Image: 10909.png

quality =

    6.6273

Image: 10945.png

quality =

   18.4472

Image: 109_img_.png

quality =

   15.7072

Image: 10_img_.png

quality =

   21.0825

Image: 11052.png

quality =

   17.5511

Image: 11064.png

quality =

   17.5883

Image: 111_img_.png

quality =

    6.6370

Image: 112_img_.png

quality =

   14.0442

Image: 11374.png

quality =

   28.0457

Image: 11398.png

quality =

   16.8780

Image: 113_img_.png

quality =

   26.4614

Image: 114_img_.png

quality =

   18.9653

Image: 115_img_.png

quality =

   23.7656

Image: 116_img_.png

quality =

   19.0314

Image: 117_img_.png

quality =

   12.6421

Image: 118_img_.png

quality =

   25.3805

Image: 11_img_.png

quality =

   10.1899

Image: 120_img_.png

quality =

   39.6797

Image: 121_img_.png

quality =

   28.0847

Image: 1225.png

quality =

   14.1241

Image: 12290.png

quality =

   16.6799

Image: 12299.png

quality =

   10.6811

Image: 122_img_.png

quality =

   31.6589

Image: 12324.png

quality =

   13.2814

Image: 12336.png

quality =

   23.0729

Image: 12348.png

quality =

   16.6906

Image: 123_img_.png

quality =

   13.8891

Image: 12422.png

quality =

   13.6221

Image: 12433.png

quality =

   16.0985

Image: 12445.png

quality =

   10.8240

Image: 124_img_.png

quality =

   18.9342

Image: 125_img_.png

quality =

   14.6280

Image: 12900.png

quality =

   18.0451

Image: 129_img_.png

quality =

   13.2120

Image: 130_img_.png

quality =

    8.9399

Image: 131_img_.png

quality =

   13.5769

Image: 133_img_.png

quality =

    9.7772

Image: 135_img_.png

quality =

    9.0923

Image: 136_img_.png

quality =

   12.8243

Image: 137_img_.png

quality =

    7.7211

Image: 138_img_.png

quality =

   11.2570

Image: 139_img_.png

quality =

   13.6267

Image: 13_img_.png

quality =

   15.8254

Image: 1407.png

quality =

   12.3365

Image: 140_img_.png

quality =

   13.2581

Image: 141_img_.png

quality =

   14.6886

Image: 142_img_.png

quality =

   10.2794

Image: 143_img_.png

quality =

   13.2256

Image: 144_img_.png

quality =

   12.4319

Image: 145_img_.png

quality =

   18.1955

Image: 146_img_.png

quality =

   13.4631

Image: 148_img_.png

quality =

   21.6722

Image: 1491.png

quality =

   30.5349

Image: 149_img_.png

quality =

   30.0695

Image: 14_img_.png

quality =

   29.0818

Image: 15001.png

quality =

   21.6266

Image: 15003.png

quality =

   16.8963

Image: 15045.png

quality =

   16.5756

Image: 15094.png

quality =

   11.7362

Image: 150_img_.png

quality =

   11.9570

Image: 15113.png

quality =

   11.6845

Image: 15136.png

quality =

    8.8713

Image: 151_img_.png

quality =

   11.2240

Image: 152_img_.png

quality =

   17.5032

Image: 1539.png

quality =

   10.7277

Image: 153_img_.png

quality =

    8.8771

Image: 15418.png

quality =

    9.7774

Image: 15426.png

quality =

   15.0712

Image: 154_img_.png

quality =

    8.4834

Image: 15544.png

quality =

   25.7630

Image: 155_img_.png

quality =

   18.3604

Image: 156_img_.png

quality =

    9.5924

Image: 15704.png

quality =

   36.4223

Image: 1573.png

quality =

   11.7832

Image: 157_img_.png

quality =

   18.6672

Image: 158_img_.png

quality =

   13.2805

Image: 159_img_.png

quality =

   42.1354

Image: 15_img_.png

quality =

   31.9373

Image: 160_img_.png

quality =

   20.4313

Image: 161_img_.png

quality =

   17.4814

Image: 162_img_.png

quality =

   24.1104

Image: 163_img_.png

quality =

   15.4081

Image: 164_img_.png

quality =

   13.9869

Image: 165_img_.png

quality =

   31.6407

Image: 1660.png

quality =

   21.2550

Image: 166_img_.png

quality =

   12.3985

Image: 168_img_.png

quality =

   23.8561

Image: 169_img_.png

quality =

   12.9716

Image: 16_img_.png

quality =

    9.3708

Image: 170_img_.png

quality =

   15.7875

Image: 171_img_.png

quality =

   23.2548

Image: 172_img_.png

quality =

   10.9447

Image: 173_img_.png

quality =

   22.1773

Image: 1742.png

quality =

    5.9810

Image: 174_img_.png

quality =

    7.6600

Image: 175_img_.png

quality =

   28.6343

Image: 176_img_.png

quality =

   35.0719

Image: 177_img_.png

quality =

    9.4927

Image: 178_img_.png

quality =

   14.7831

Image: 179_img_.png

quality =

   23.0799

Image: 17_img_.png

quality =

   18.0605

Image: 180_img_.png

quality =

   31.7436

Image: 182_img_.png

quality =

   12.7683

Image: 183_img_.png

quality =

   10.9919

Image: 184_img_.png

quality =

   20.8485

Image: 185_img_.png

quality =

   17.0241

Image: 186_img_.png

quality =

   11.9488

Image: 187_img_.png

quality =

   19.8669

Image: 188_img_.png

quality =

   18.9014

Image: 189_img_.png

quality =

   25.7135

Image: 18_img_.png

quality =

   16.7672

Image: 190_img_.png

quality =

   13.3574

Image: 191_img_.png

quality =

   24.5378

Image: 192_img_.png

quality =

   45.0130

Image: 193_img_.png

quality =

   18.1111

Image: 194_img_.png

quality =

   14.2417

Image: 1957.png

quality =

   11.6774

Image: 195_img_.png

quality =

   19.6834

Image: 196_img_.png

quality =

   24.5824

Image: 197_img_.png

quality =

   16.3092

Image: 198_img_.png

quality =

   12.7384

Image: 199_img_.png

quality =

   25.2772

Image: 19_img_.png

quality =

   24.8424

Image: 20.png

quality =

   23.5085

Image: 200_img_.png

quality =

   17.8976

Image: 201_img_.png

quality =

   12.8807

Image: 202_img_.png

quality =

   20.4107

Image: 203_img_.png

quality =

   17.8368

Image: 204_img_.png

quality =

    7.7801

Image: 205_img_.png

quality =

   19.6374

Image: 206_img_.png

quality =

   20.1769

Image: 207_img_.png

quality =

   15.9633

Image: 208_img_.png

quality =

   16.6955

Image: 209_img_.png

quality =

   14.3956

Image: 210_img_.png

quality =

   22.2864

Image: 211_img_.png

quality =

   21.6817

Image: 212_img_.png

quality =

    9.5355

Image: 213_img_.png

quality =

    9.6446

Image: 214_img_.png

quality =

   16.5993

Image: 215_img_.png

quality =

   18.5265

Image: 216_img_.png

quality =

   15.8596

Image: 217_img_.png

quality =

   24.4816

Image: 219_img_.png

quality =

   19.4483

Image: 220_img_.png

quality =

   24.0852

Image: 221_img_.png

quality =

   13.0729

Image: 222_img_.png

quality =

   12.9334

Image: 223_img_.png

quality =

   12.3363

Image: 224_img_.png

quality =

   37.9844

Image: 225_img_.png

quality =

    9.0719

Image: 226_img_.png

quality =

   15.9559

Image: 227_img_.png

quality =

   30.5441

Image: 228_img_.png

quality =

   11.3664

Image: 229_img_.png

quality =

    9.8277

Image: 22_img_.png

quality =

   21.3340

Image: 230_img_.png

quality =

    7.6366

Image: 231_img_.png

quality =

   10.1253

Image: 232_img_.png

quality =

   12.3687

Image: 233_img_.png

quality =

   19.5571

Image: 234_img_.png

quality =

   12.3299

Image: 236_img_.png

quality =

    6.9913

Image: 238_img_.png

quality =

   15.4112

Image: 23_img_.png

quality =

   28.3315

Image: 240_img_.png

quality =

    6.9513

Image: 241_img_.png

quality =

   14.9309

Image: 242_img_.png

quality =

   10.3171

Image: 243_img_.png

quality =

   42.1181

Image: 244_img_.png

quality =

   10.9076

Image: 245_img_.png

quality =

   19.4303

Image: 246_img_.png

quality =

   15.4391

Image: 247_img_.png

quality =

    5.3973

Image: 248_img_.png

quality =

   11.5527

Image: 24_img_.png

quality =

   19.7746

Image: 251_img_.png

quality =

   10.5091

Image: 252_img_.png

