
quality =

   24.2297

Image: 100_img_.png

quality =

   27.0720

Image: 10139.png

quality =

   46.9681

Image: 10151.png

quality =

   49.4110

Image: 101_img_.png

quality =

   28.7490

Image: 102_img_.png

quality =

   41.7604

Image: 104_img_.png

quality =

   67.0928

Image: 105_img_.png

quality =

   49.4201

Image: 106_img_.png

quality =

   41.6964

Image: 107_img_.png

quality =

   25.4315

Image: 108_img_.png

quality =

   57.9363

Image: 10909.png

quality =

   28.7986

Image: 10945.png

quality =

   29.2097

Image: 109_img_.png

quality =

   29.0370

Image: 10_img_.png

quality =

   65.6042

Image: 11052.png

quality =

   78.7308

Image: 11064.png

quality =

   74.2485

Image: 111_img_.png

quality =

   25.4679

Image: 112_img_.png

quality =

   34.7129

Image: 11374.png

quality =

   69.8525

Image: 11398.png

quality =

   52.2558

Image: 113_img_.png

quality =

   51.5343

Image: 114_img_.png

quality =

   50.6563

Image: 115_img_.png

quality =

   45.0814

Image: 116_img_.png

quality =

   37.3442

Image: 117_img_.png

quality =

   55.0142

Image: 118_img_.png

quality =

   86.2646

Image: 11_img_.png

quality =

   52.4050

Image: 120_img_.png

quality =

   54.7627

Image: 121_img_.png

quality =

   48.8284

Image: 1225.png

quality =

   35.9502

Image: 12290.png

quality =

   23.5862

Image: 12299.png

quality =

   45.7611

Image: 122_img_.png

quality =

   39.5690

Image: 12324.png

quality =

   25.6297

Image: 12336.png

quality =

   35.6997

Image: 12348.png

quality =

   46.5173

Image: 123_img_.png

quality =

   35.8977

Image: 12422.png

quality =

   32.1382

Image: 12433.png

quality =

   28.0555

Image: 12445.png

quality =

   34.4398

Image: 124_img_.png

quality =

   46.7552

Image: 125_img_.png

quality =

   30.6876

Image: 12900.png

quality =

   45.9093

Image: 129_img_.png

quality =

   37.3656

Image: 130_img_.png

quality =

   50.0852

Image: 131_img_.png

quality =

   41.5461

Image: 133_img_.png

quality =

   40.2435

Image: 135_img_.png

quality =

   41.9097

Image: 136_img_.png

quality =

   36.0173

Image: 137_img_.png

quality =

   35.3709

Image: 138_img_.png

quality =

   42.2746

Image: 139_img_.png

quality =

   63.0653

Image: 13_img_.png

quality =

   28.4360

Image: 1407.png

quality =

   38.7518

Image: 140_img_.png

quality =

   65.2207

Image: 141_img_.png

quality =

   37.6573

Image: 142_img_.png

quality =

   43.1314

Image: 143_img_.png

quality =

   40.1057

Image: 144_img_.png

quality =

   60.3287

Image: 145_img_.png

quality =

   44.4821

Image: 146_img_.png

quality =

   42.6969

Image: 148_img_.png

quality =

   37.1598

Image: 1491.png

quality =

   39.0958

Image: 149_img_.png

quality =

   34.8164

Image: 14_img_.png

quality =

   52.5253

Image: 15001.png

quality =

   22.7942

Image: 15003.png

quality =

   31.4783

Image: 15045.png

quality =

   34.2944

Image: 15094.png

quality =

   47.3092

Image: 150_img_.png

quality =

   28.8283

Image: 15113.png

quality =

   30.3612

Image: 15136.png

quality =

   45.7774

Image: 151_img_.png

quality =

   26.9139

Image: 152_img_.png

quality =

   34.3318

Image: 1539.png

quality =

   60.3182

Image: 153_img_.png

quality =

   30.5344

Image: 15418.png

quality =

   47.8175

Image: 15426.png

quality =

   40.1553

Image: 154_img_.png

quality =

   46.1678

Image: 15544.png

quality =

   39.7248

Image: 155_img_.png

quality =

   47.8505

Image: 156_img_.png

quality =

   24.7612

Image: 15704.png

quality =

   63.9463

Image: 1573.png

quality =

   40.9181

Image: 157_img_.png

quality =

   42.2891

Image: 158_img_.png

quality =

   56.5130

Image: 159_img_.png

quality =

   48.3855

Image: 15_img_.png

quality =

   44.6035

Image: 160_img_.png

quality =

   40.5583

Image: 161_img_.png

quality =

   31.2921

Image: 162_img_.png

quality =

   43.2431

Image: 163_img_.png

quality =

   44.7413

Image: 164_img_.png

quality =

   39.1239

Image: 165_img_.png

quality =

   46.4844

Image: 1660.png

quality =

   48.2014

Image: 166_img_.png

quality =

   39.7604

Image: 168_img_.png

quality =

   51.3081

Image: 169_img_.png

quality =

   46.3954

Image: 16_img_.png

quality =

   26.8381

Image: 170_img_.png

quality =

   55.2896

Image: 171_img_.png

quality =

   48.5623

Image: 172_img_.png

quality =

   36.8516

Image: 173_img_.png

quality =

   39.8325

Image: 1742.png

quality =

   45.1028

Image: 174_img_.png

quality =

   29.3534

Image: 175_img_.png

quality =

   39.2169

Image: 176_img_.png

quality =

   32.0015

Image: 177_img_.png

quality =

   39.1143

Image: 178_img_.png

quality =

   30.1450

Image: 179_img_.png

quality =

   50.2854

Image: 17_img_.png

quality =

   51.0038

Image: 180_img_.png

quality =

   46.6133

Image: 182_img_.png

quality =

   29.4851

Image: 183_img_.png

quality =

   18.1337

Image: 184_img_.png

quality =

   40.4907

Image: 185_img_.png

quality =

   51.7204

Image: 186_img_.png

quality =

   26.6283

Image: 187_img_.png

quality =

   46.4546

Image: 188_img_.png

quality =

   26.8296

Image: 189_img_.png

quality =

   44.8344

Image: 18_img_.png

quality =

   43.2979

Image: 190_img_.png

quality =

   23.0087

Image: 191_img_.png

quality =

   54.1973

Image: 192_img_.png

quality =

   78.8722

Image: 193_img_.png

quality =

   50.5221

Image: 194_img_.png

quality =

   32.2257

Image: 1957.png

quality =

   41.5472

Image: 195_img_.png

quality =

   41.3207

Image: 196_img_.png

quality =

   68.8905

Image: 197_img_.png

quality =

   46.3707

Image: 198_img_.png

quality =

   25.9545

Image: 199_img_.png

quality =

   44.6943

Image: 19_img_.png

quality =

   48.9894

Image: 20.png

quality =

   53.4754

Image: 200_img_.png

quality =

   26.7266

Image: 201_img_.png

quality =

   40.5247

Image: 202_img_.png

quality =

   43.7202

Image: 203_img_.png

quality =

   45.2398

Image: 204_img_.png

quality =

   28.7512

Image: 205_img_.png

quality =

   36.6509

Image: 206_img_.png

quality =

   39.5567

Image: 207_img_.png

quality =

   34.5977

Image: 208_img_.png

quality =

   35.8470

Image: 209_img_.png

quality =

   36.0899

Image: 210_img_.png

quality =

   42.9305

Image: 211_img_.png

quality =

   36.1768

Image: 212_img_.png

quality =

   27.7364

Image: 213_img_.png

quality =

   31.9000

Image: 214_img_.png

quality =

   36.3933

Image: 215_img_.png

quality =

   36.8585

Image: 216_img_.png

quality =

   39.2264

Image: 217_img_.png

quality =

   45.9863

Image: 219_img_.png

quality =

   36.2671

Image: 220_img_.png

quality =

   30.8868

Image: 221_img_.png

quality =

   23.7879

Image: 222_img_.png

quality =

   31.1763

Image: 223_img_.png

quality =

   32.3562

Image: 224_img_.png

quality =

   42.8132

Image: 225_img_.png

quality =

   33.9909

Image: 226_img_.png

quality =

   47.7676

Image: 227_img_.png

quality =

   60.5411

Image: 228_img_.png

quality =

   33.8293

Image: 229_img_.png

quality =

   32.5380

Image: 22_img_.png

quality =

   39.8932

Image: 230_img_.png

quality =

   28.1974

Image: 231_img_.png

quality =

   33.4292

Image: 232_img_.png

quality =

   35.3525

Image: 233_img_.png

quality =

   41.7032

Image: 234_img_.png

quality =

   34.6342

Image: 236_img_.png

quality =

   28.6986

Image: 238_img_.png

quality =

   33.1726

Image: 23_img_.png

quality =

   73.7218

Image: 240_img_.png

quality =

   27.0756

Image: 241_img_.png

quality =

   42.0582

Image: 242_img_.png

quality =

   32.7975

Image: 243_img_.png

quality =

   49.0838

Image: 244_img_.png

quality =

   33.4094

Image: 245_img_.png

quality =

   41.5494

Image: 246_img_.png

quality =

   31.7703

Image: 247_img_.png

quality =

   23.3317

Image: 248_img_.png

quality =

   54.5471

Image: 24_img_.png

quality =

   39.0902

Image: 251_img_.png

quality =

   26.2567

Image: 252_img_.png

